camera_matrix:
- - 1422.3558227382375
  - 0.0
  - 965.2235316725279
- - 0.0
  - 1418.5578959926302
  - 551.2865791287511
- - 0.0
  - 0.0
  - 1.0
distortion_coefficients:
- - 0.04645936022575397
  - -0.23581515272470396
  - -0.0019465916379075683
  - 0.0032603028344039514
  - 0.23608934088535918
