Rotation matrix:
- - -0.9994838547560427
  - -0.02753749171793539
  - -0.01654420236476909
- - 0.021958515494433006
  - -0.9615207228251563
  - 0.2738534702629669
- - -0.023448831085632754
  - 0.2733488359727797
  - 0.961629120915669
Translation vectors:
- - 165.02936981287672
- - 359.3576543602908
- - 1421.898444629031
camera_matrix:
- - 935.7323661090268
  - 0.0
  - 639.8377514367531
- - 0.0
  - 932.7972097071251
  - 378.5944357956849
- - 0.0
  - 0.0
  - 1.0
distortion_coefficients:
- - 0.02884172318480802
  - -0.1999381957057423
  - -0.0011733807963263535
  - 0.00020084443041504222
  - 0.20381214876897544
