Rotation matrix:
- - 0.9999815598887968
  - 0.0003321399260751124
  - 0.006063791341914631
- - -0.0004224237213961553
  - 0.9998889920264578
  - 0.014893796779659772
- - -0.006058171388164406
  - -0.014896083625695337
  - 0.9998706942660375
Translation vectors:
- - -492.8251872687345
- - -368.9690472222833
- - 2241.5419023058853
camera_matrix:
- - 935.7323661090268
  - 0.0
  - 639.8377514367531
- - 0.0
  - 932.7972097071251
  - 378.5944357956849
- - 0.0
  - 0.0
  - 1.0
distortion_coefficients:
- - 0.02884172318480802
  - -0.1999381957057423
  - -0.0011733807963263535
  - 0.00020084443041504222
  - 0.20381214876897544
