Rotation matrix:
- - 0.9986205303372786
  - -0.014218976607499524
  - 0.05054559420095624
- - 0.010952058218374083
  - 0.9978684277784495
  - 0.06433236560042428
- - -0.05135259301801326
  - -0.06369004276337621
  - 0.9966476256145527
Translation vectors:
- - -409.49697634898956
- - -409.76794194430124
- - 1691.12451591102
camera_matrix:
- - 935.7323661090268
  - 0.0
  - 639.8377514367531
- - 0.0
  - 932.7972097071251
  - 378.5944357956849
- - 0.0
  - 0.0
  - 1.0
distortion_coefficients:
- - 0.02884172318480802
  - -0.1999381957057423
  - -0.0011733807963263535
  - 0.00020084443041504222
  - 0.20381214876897544
