camera_matrix:
- - 1431.9575192969921
  - 0.0
  - 948.6585246741789
- - 0.0
  - 1439.822416569334
  - 563.3659915437637
- - 0.0
  - 0.0
  - 1.0
distortion_coefficients:
- - 0.05572605037151676
  - -0.18227926649798032
  - -0.0026692521979539098
  - -0.0025843311029012366
  - 0.18959565697013603
